p_value_100_303: 1.86716700463225e-150
p_value_300_373: 3.07464507069491e-163
